rank	chr	pos	variant	consequence_protein	Gene	abc_s	abc_s_CImin	abc_s_CImax	cnn_s	cnn_s_CImin	cnn_s_CImax	abc_t	abc_t_CImin	abc_t_CImax	cnn_t	cnn_t_CImin	cnn_t_CImax	failure	overlap_s	overlap_t	overlap_BA	ABC_s_CIextent	CNN_s_CIextent	ABC_t_CIextent	CNN_t_CIextent	JOB_ID	s_CORREL_CNN	s_CORREL_ABC	s_RMSE_CNN	s_RMSE_ABC	t_CORREL_CNN	t_CORREL_ABC	t_RMSE_CNN	t_RMSE_ABC
1	2	136608646	rs4988235	intron_variant	LCT-MCM6	0.0786357604578185	0.0651045189344299	0.0943527962516365	0.07371758	0.058	0.092	6293.39675338025	3273.93870870175	8607.7954037445	5030.2905	3962.50000000001	6762.5	0	1	1	1	0.0292482773172066	0.034	5333.85669504275	2800	JOB_1	0.878	0.835	0.047	0.067	0.694	0.569	0.275	0.375
72	1	2020489	rs6694101	intron_variant	PRKCZ	0.0139595905031966	0.00480322292083116	0.026917804787884	0.01351698	0.003	0.029	2145.97343442026	-380.510950761504	8552.35534847824	2974.52175	1337.50000000001	7462.50000000001	0	1	1	1	0.0221145818670528	0.026	8932.86629923975	6125	JOB_2	0.914	0.82	0.046	0.073	0.635	0.544	0.303	0.386
82	3	2620454	rs12715075	intron_variant	CNTN4	0.0169164762024957	0.00582861365482466	0.0465082026943993	0.01903848	0.008	0.035	1455.18501703175	-1160.37233040375	7263.52617770399	1747.595	1337.50000000001	2737.5	0	1	1	1	0.0406795890395746	0.027	8423.89850810774	1399.99999999999	JOB_3	0.936	0.861	0.042	0.073	0.736	0.561	0.269	0.394
17	3	31776980	rs4374563	intron_variant	OSBPL10	0.0195528085833537	0.0100244610737158	0.0355499895967019	0.02742606	0.011	0.047	2008.984562796	-765.6101549195	7548.933187662	1663.933625	1337.50000000001	2737.5	0	1	1	1	0.0255255285229861	0.036	8314.5433425815	1399.99999999999	JOB_4	0.902	0.825	0.049	0.064	0.745	0.6	0.265	0.363
26	3	33419422	rs2291897	upstream_gene_variant	FBXL2	0.024074253695041	0.0117899286189373	0.0446367452428854	0.02600383	0.008	0.053	1548.89701659575	-1030.65948930676	7734.035450218	2463.625875	1337.50000000001	7287.49999999999	0	1	1	1	0.0328468166239481	0.045	8764.69493952476	5949.99999999999	JOB_5	0.922	0.852	0.046	0.067	0.681	0.52	0.298	0.404
24	3	49389842	rs17080528	downstream_gene_variant	GPX1	0.0181730277744711	0.00761968628597096	0.0332210840246747	0.01778173	0.002	0.044	2368.4323781445	-585.123321128748	8609.75986129225	2412.168875	1337.50000000001	8775.00000000001	0	1	1	1	0.0256013977387037	0.042	9194.88318242099	7437.5	JOB_6	0.826	0.832	0.053	0.071	0.693	0.565	0.296	0.377
10	3	184770686	rs9840198	downstream_gene_variant	VPS8	0.020760643035502	0.00931805976233637	0.0475467612843338	0.02188851	0.005	0.048	1489.3775536805	-913.655364913495	8664.3318631605	1918.236625	1337.50000000001	5275.00000000001	0	1	1	1	0.0382287015219974	0.043	9577.98722807399	3937.5	JOB_7	0.853	0.826	0.054	0.07	0.704	0.514	0.319	0.404
69	3	185822353	rs10513801	downstream_gene_variant	ETV5	0.0197708276354827	0.0063484617171285	0.0491439839509434	0.02269682	0.006	0.051	3850.19103407301	1678.402344899	10484.301138331	3624.932	1337.50000000001	9474.99999999999	0	1	1	1	0.0427955222338149	0.045	8805.89879343201	8137.49999999999	JOB_8	0.85	0.821	0.062	0.075	0.656	0.469	0.32	0.446
61	4	156105105	rs4280687	intergenic_region	RBM46-RP11-92A5.2	0.013165964606993	0.00562110619987958	0.0318968972206207	0.01274348	0.005	0.025	3882.049730147	1098.45121730724	10047.6295953065	4319.966375	2037.49999999999	9037.49999999999	0	1	1	1	0.0262757910207411	0.02	8949.17837799926	7000	JOB_9	0.903	0.819	0.044	0.075	0.697	0.538	0.295	0.405
73	5	460710	rs55846849	upstream_gene_variant	EXOC3	0.016326736556832	0.00525913693300892	0.0345470182375148	0.02428869	0.007	0.051	2833.14762646376	614.835039336256	9509.1264267065	1756.781625	1337.50000000001	4224.99999999999	0	1	1	1	0.0292878813045059	0.044	8894.29138737025	2887.49999999999	JOB_10	0.904	0.826	0.064	0.07	0.71	0.562	0.31	0.381
55	5	2960267	rs2974658	upstream_gene_variant	RP11-35O7.1	0.0132602848010278	0.00552986660726025	0.0316206213305346	0.01385937	0.006	0.026	2844.28228636649	545.385502581993	8537.0568482235	3586.705875	2037.49999999999	6237.5	0	1	1	1	0.0260907547232744	0.02	7991.67134564151	4200	JOB_11	0.909	0.865	0.045	0.067	0.695	0.561	0.297	0.389
54	5	5817703	rs3957465	intergenic_region	KIAA0947-CTC-471C19.1	0.0164508551683223	0.00651249829575357	0.0302029120033015	0.02014927	0.006	0.038	2411.65574671575	94.5878142484986	8684.91264917876	1883.821125	1337.50000000001	3525.00000000001	0	1	1	1	0.0236904137075479	0.032	8590.32483493026	2187.5	JOB_12	0.875	0.862	0.042	0.066	0.712	0.532	0.301	0.405
2	5	33952106	rs185146	intron_variant	SLC45A2	0.0604312960138355	0.0387147364268227	0.0851990258977023	0.0533812	0.036	0.08	4202.27796994826	2976.81607149975	7524.77638979175	3945.135625	3000	7025.00000000001	0	1	1	1	0.0464842894708796	0.044	4547.960318292	4025.00000000001	JOB_13	0.937	0.86	0.049	0.067	0.763	0.56	0.268	0.378
11	5	131365784	rs4705844	intergenic_region	AC034228.2-IL3	0.0250097908119201	0.0123712833032617	0.0621225528618963	0.01303992	0.008	0.019	7283.71529445801	3164.601794218	11589.105635407	8840.83675	6762.5	10000	0	1	1	1	0.0497512695586346	0.011	8424.50384118899	3237.5	JOB_14	0.87	0.847	0.046	0.066	0.723	0.572	0.292	0.368
8	5	151845342	rs10515671	intergenic_region	NMUR2-CTC-550M4.1	0.0378099148227667	0.018262942721533	0.066191905414462	0.03240238	0.01	0.071	2449.2761071465	93.038459310506	8425.52139108275	4410.248	1337.50000000001	9737.5	0	1	1	1	0.047928962692929	0.061	8332.48293177225	8399.99999999999	JOB_15	0.86	0.832	0.06	0.074	0.637	0.519	0.324	0.434
63	5	164760466	rs9314061	intergenic_region	CTB-181F24.1-CTC-535M15.2	0.014096352987217	0.00541295473432055	0.0280694262988872	0.01887715	0.004	0.042	1440.08967291624	-639.876539809507	8198.24628812675	2331.775625	1337.50000000001	7462.50000000001	0	1	1	1	0.0226564715645667	0.038	8838.12282793626	6125	JOB_16	0.918	0.834	0.042	0.071	0.704	0.553	0.283	0.397
3	6	30746519	rs3130673	upstream_gene_variant	HCG20	0.0961565293128787	0.0617144297990053	0.104263023983232	0.04641773	0.03	0.068	8828.18955862275	4533.04927216774	10056.2491442202	5687.6675	3000	9737.5	0	0	1	1	0.0425485941842267	0.038	5523.1998720525	6737.5	JOB_17	0.871	0.824	0.046	0.067	0.748	0.502	0.27	0.412
43	6	53877078	rs75770273	downstream_gene_variant	ERHP2	0.0237466683348642	0.0109931289801384	0.0428407169183204	0.03074095	0.011	0.062	1898.43513191525	-811.487044239499	7847.62493481125	1916.810375	1337.50000000001	4224.99999999999	0	1	1	1	0.031847587938182	0.051	8659.11197905075	2887.49999999999	JOB_18	0.861	0.823	0.052	0.075	0.62	0.486	0.33	0.421
87	7	1323037	rs62436708	intergenic_region	AC073094.4-MICALL2	0.010983869199982	0.00337698331278891	0.0237403374564973	0.00780845	0.002	0.018	2930.39204836475	291.408465211745	9261.37936385776	4381.2925	1337.50000000001	9737.5	0	1	1	1	0.0203633541437084	0.016	8969.97089864601	8399.99999999999	JOB_19	0.869	0.858	0.046	0.069	0.684	0.522	0.298	0.408
44	1	150633347	rs72700902	intron_variant	GOLPH3L	0.0178277586235596	0.00759996713275607	0.0359186356837485	0.01539393	0.001	0.041	1091.04881748576	-1246.527477783	7613.82035388524	2414.265375	1337.50000000001	8250	0	1	1	1	0.0283186685509924	0.04	8860.34783166825	6912.49999999999	JOB_20	0.829	0.803	0.068	0.098	0.582	0.411	0.362	0.479
80	7	74068167	rs4717903	upstream_gene_variant	GTF2I	0.0173969498857678	0.00625824528542976	0.0445076556544484	0.01408071	0.002	0.033	2431.77929146751	-827.566714665252	7920.735180108	3073.577	1337.50000000001	9212.50000000001	0	1	1	1	0.0382494103690186	0.031	8748.30189477325	7875	JOB_21	0.925	0.846	0.042	0.068	0.719	0.535	0.274	0.397
76	7	105730038	rs176482	downstream_gene_variant	SYPL1	0.0114720553532152	0.00446332756199463	0.0273314450437401	0.01107608	0.001	0.03	1567.29489583675	-660.526180885753	7992.63343403651	4384.4355	1337.50000000001	9737.5	0	1	1	1	0.0228681174817455	0.029	8653.15961492226	8399.99999999999	JOB_22	0.902	0.846	0.044	0.071	0.712	0.55	0.271	0.4
67	7	136627956	rs35345724	upstream_gene_variant	KRT8P51	0.0176115563991005	0.00706528329649648	0.0405108457110663	0.01572198	0.001	0.036	1757.570355507	-252.628560278495	9025.74975685501	2499.735375	1337.50000000001	8775.00000000001	0	1	1	1	0.0334455624145698	0.035	9278.3783171335	7437.5	JOB_23	0.88	0.837	0.053	0.077	0.664	0.543	0.328	0.403
25	7	150061525	rs13307276	upstream_gene_variant	REPIN1	0.0189007506961604	0.0089100943647418	0.0334587217425123	0.02690508	0.006	0.057	1758.68681891475	-487.163996288004	8322.14284956075	1898.27	1337.50000000001	4750	0	1	1	1	0.0245486273777705	0.051	8809.30684584875	3412.49999999999	JOB_24	0.893	0.843	0.048	0.069	0.71	0.571	0.293	0.384
39	1	164206815	rs6698312	intergenic_region	U3-NMNAT1P2	0.0167051002286892	0.00723194271838299	0.0319214248628587	0.02265821	0.008	0.041	1977.75674084851	-706.534272913245	8206.42330052225	1814.797625	1337.50000000001	3262.5	0	1	1	1	0.0246894821444757	0.033	8912.95757343549	1925	JOB_25	0.868	0.85	0.041	0.069	0.7	0.525	0.278	0.39
7	8	10729177	rs10095927	intergenic_region	RP11-177H2.2-XKR6	0.0360937229373718	0.0145274370174696	0.0672081084401215	0.01233536	0.005	0.023	7722.72088897475	3862.73596446826	12263.581643399	5904.405875	1775.00000000001	9737.5	0	0	1	1	0.0526806714226519	0.018	8400.84567893074	7962.49999999999	JOB_26	0.89	0.801	0.057	0.077	0.77	0.581	0.282	0.376
68	8	21052978	rs2631934	intergenic_region	AC021613.1-RP11-24P4.1	0.0187845178027068	0.00612415931368291	0.0468057780565771	0.00262949	0	0.01	2418.5847738735	-686.253953580248	7429.893965416	4489.158125	1337.50000000001	9737.5	0	0	1	1	0.0406816187428942	0.01	8116.14791899625	8399.99999999999	JOB_27	0.894	0.807	0.044	0.069	0.669	0.534	0.279	0.403
50	9	1162013	rs10809509	downstream_gene_variant	RPS27AP14	0.0153813418797709	0.00706522833571188	0.0297663357610037	0.01388022	0.002	0.031	2796.559505605	-295.754116346757	8739.51744200375	1772.6095	1337.50000000001	4224.99999999999	0	1	1	1	0.0227011074252918	0.029	9035.2715583505	2887.49999999999	JOB_28	0.879	0.83	0.045	0.073	0.709	0.52	0.302	0.407
56	9	4833437	rs458552	upstream_gene_variant	RCL1	0.0145626615599308	0.00696979261306468	0.0309921122130622	0.02488878	0.008	0.048	1643.74427430501	-875.846015484996	8079.8011581725	1610.037125	1337.50000000001	2737.5	0	1	1	1	0.0240223195999975	0.04	8955.6471736575	1399.99999999999	JOB_29	0.909	0.848	0.047	0.065	0.713	0.549	0.292	0.389
46	9	130997892	rs3003615	intron_variant	DNM1	0.0171139066154008	0.00685228930413688	0.0355692491832917	0.01016106	0.002	0.022	2344.91542479574	53.3576518359951	9175.08199950549	2193.068875	1337.50000000001	4224.99999999999	0	1	1	1	0.0287169598791548	0.02	9121.7243476695	2887.49999999999	JOB_30	0.905	0.828	0.051	0.078	0.68	0.523	0.303	0.409
65	9	132942794	rs3780710	intron_variant	NCS1	0.0145423484737766	0.00656696737833988	0.036174327461585	0.01542409	0.004	0.035	5263.018143601	1863.26011130475	10290.1600869775	4772.715875	1337.50000000001	9737.5	0	1	1	1	0.0296073600832451	0.031	8426.89997567274	8399.99999999999	JOB_31	0.867	0.831	0.05	0.063	0.712	0.529	0.294	0.421
37	9	136152009	rs8176635	upstream_gene_variant	ABO	0.0139356230456358	0.00822707891036667	0.038113195369698	0.01729726	0.011	0.027	4662.98844731975	1140.18267740875	8782.93888601975	4363.187	2474.99999999999	6500	0	1	1	0	0.0298861164593313	0.016	7642.756208611	4025.00000000001	JOB_32	0.876	0.808	0.047	0.077	0.72	0.583	0.275	0.369
84	10	3319474	rs1009543	intergenic_region	RP11-195B3.1-RP11-482E14.1	0.00993910261692988	0.00353192743040525	0.0242250999820911	0.00689068	0	0.023	2188.19154849425	-135.078503131751	8996.011118872	1786.25425	1337.50000000001	5012.5	0	1	1	1	0.0206931725516858	0.023	9131.08962200376	3675	JOB_33	0.91	0.85	0.046	0.066	0.707	0.495	0.291	0.407
22	10	61539402	rs721992	intergenic_region	LINC00948-CCDC6	0.0208502725661808	0.00897486399979904	0.0466768467124871	0.01500168	0.005	0.034	3752.14983216375	42.5012460392509	9523.19469938125	2353.503625	1337.50000000001	8775.00000000001	0	1	1	1	0.0377019827126881	0.029	9480.693453342	7437.5	JOB_34	0.9	0.836	0.052	0.071	0.671	0.53	0.303	0.392
13	10	65659657	rs4745827	downstream_gene_variant	RP11-170M17.2	0.0289822806221131	0.013432377134969	0.0529723007169474	0.01036814	0.001	0.032	5265.68901765275	2778.32432708	11927.1949359498	4202.590375	1337.50000000001	9737.5	0	1	1	0	0.0395399235819784	0.031	9148.87060886976	8399.99999999999	JOB_35	0.902	0.84	0.047	0.067	0.716	0.552	0.278	0.394
31	11	61552680	rs174537	downstream_gene_variant	TMEM258	0.0133655875065303	0.00839057436783053	0.0262081415821338	0.01529291	0.011	0.02	6870.7622538855	3535.93685695024	10440.2175631407	8645.479875	6500	10000	0	1	1	1	0.0178175672143033	0.009	6904.28070619051	3500	JOB_36	0.898	0.817	0.048	0.076	0.7	0.57	0.293	0.384
32	11	69579070	rs713217	intergenic_region	RP11-300I6.5-AP001888.1	0.0245534027878246	0.0105828873836526	0.0411727384706743	0.02822871	0.008	0.06	1515.54636182975	-744.6175549115	7911.49109188476	2054.131125	1337.50000000001	5275.00000000001	0	1	1	1	0.0305898510870217	0.052	8656.10864679626	3937.5	JOB_37	0.905	0.832	0.045	0.069	0.728	0.55	0.299	0.38
29	11	87527561	rs10501651	upstream_gene_variant	RP11-665E10.5	0.0299128805474008	0.01240881600833	0.0676432949250924	0.01318745	0	0.046	1929.309589597	-6.32827921124601	8745.4595072735	3375.237625	1337.50000000001	9212.50000000001	0	1	1	1	0.0552344789167624	0.046	8751.78778648474	7875	JOB_38	0.891	0.841	0.051	0.067	0.612	0.511	0.312	0.404
15	11	88513636	rs10765770	intron_variant	GRM5	0.0164457143570662	0.0101813692413963	0.03622564070222	0.0158213	0.011	0.021	5540.17125498351	3190.05444970675	10137.2930743595	8479.886125	6500	10000	0	1	1	1	0.0260442714608237	0.01	6947.23862465275	3500	JOB_39	0.919	0.861	0.046	0.071	0.706	0.5	0.292	0.419
88	12	1623989	rs12580172	intergenic_region	LINC00942-WNT5B	0.00986731269421275	0.00207754131577382	0.0277723711286826	0.00777933	0	0.026	2389.88142729725	983.869805346757	9966.42233553375	4460.90525	1337.50000000001	9737.5	0	1	1	1	0.0256948298129088	0.026	8982.55253018699	8399.99999999999	JOB_40	0.866	0.817	0.058	0.079	0.681	0.502	0.302	0.41
85	12	8716873	rs10841899;ss1388078300	intron_variant	RP11-561P12.5	0.0106444168626776	0.00332427455057251	0.0244508957285544	0.01437315	0.002	0.032	3456.7458663155	587.465049466999	9460.470941069	1930.88825	1337.50000000001	4750	0	1	1	1	0.0211266211779819	0.03	8873.00589160201	3412.49999999999	JOB_41	0.907	0.842	0.04	0.062	0.71	0.512	0.292	0.404
59	12	22289304	rs10841952	intron_variant	ST8SIA1	0.0133175309409632	0.00550344705627746	0.0269188238203969	0.00798536	0.001	0.024	2157.2619741995	-459.107845519497	8631.89945094174	2862.47275	1337.50000000001	9037.49999999999	0	1	1	1	0.0214153767641194	0.023	9091.00729646124	7699.99999999999	JOB_42	0.914	0.831	0.044	0.071	0.698	0.558	0.285	0.37
12	12	113325061	rs7958347	downstream_gene_variant	RPH3A	0.0225766872228597	0.010677811778866	0.0421925031641616	0.02329688	0.007	0.046	2090.20145011175	-539.799067383001	8158.882086566	2085.800875	1337.50000000001	5275.00000000001	0	1	1	1	0.0315146913852956	0.039	8698.681153949	3937.5	JOB_43	0.879	0.841	0.054	0.077	0.638	0.509	0.314	0.428
27	12	125246993	rs11057805	intergenic_region	NCOR2-SCARB1	0.030449886957865	0.0101788261298277	0.0600899438433424	0.0181112	0.006	0.041	6071.7824503535	117.587649285994	9316.49678522375	5955.7745	1337.50000000001	10000	0	1	1	1	0.0499111177135147	0.035	9198.90913593776	8662.49999999999	JOB_44	0.914	0.873	0.04	0.067	0.703	0.536	0.296	0.389
18	12	125510104	rs1055472	3_prime_UTR_variant	BRI3BP	0.0197842488305224	0.0100755718743585	0.0356615691326316	0.01074941	0.004	0.022	2894.22121596149	-173.745048638494	8009.4916302845	3800.9925	1337.50000000001	8775.00000000001	0	1	1	1	0.0255859972582731	0.018	8183.236678923	7437.5	JOB_45	0.907	0.848	0.037	0.063	0.715	0.545	0.287	0.389
75	13	69940025	rs10507766	intergenic_region	LINC00401-SRSF1P1	0.012060886748209	0.00481311585002791	0.0258923489369767	0.01430212	0.001	0.038	1423.77765704525	-636.944152550754	8385.942764626	2614.545	1337.50000000001	8775.00000000001	0	1	1	1	0.0210792330869488	0.037	9022.88691717675	7437.5	JOB_46	0.862	0.807	0.05	0.082	0.623	0.515	0.324	0.422
53	14	89884022	rs7422	upstream_gene_variant	FOXN3	0.0160258750091911	0.00595523118734922	0.0418077374481219	0.01768396	0.005	0.035	3324.79843240125	725.696631860998	10188.4575997685	2069.735875	1337.50000000001	6762.5	0	1	1	1	0.0358525062607727	0.03	9462.7609679075	5425	JOB_47	0.859	0.821	0.047	0.063	0.681	0.539	0.319	0.389
23	1	246429681	rs12033048	intron_variant	SMYD3	0.0330338932421304	0.012379072557189	0.0661405350109694	0.02567136	0.013	0.046	2894.09930731875	477.605383097	9317.54689178075	3631.22325	1775.00000000001	7287.49999999999	0	1	1	1	0.0537614624537804	0.033	8839.94150868375	5512.49999999999	JOB_48	0.862	0.827	0.049	0.062	0.665	0.523	0.292	0.415
78	14	93094298	rs7141996	intron_variant	RIN3	0.0145187372557988	0.00546522544917177	0.0315818759607759	0.00830424	0.001	0.023	1700.97378647225	-234.743822715757	8742.34448025474	5863.52325	1337.50000000001	10000	0	1	1	0	0.0261166505116041	0.022	8977.0883029705	8662.49999999999	JOB_49	0.926	0.846	0.047	0.063	0.68	0.566	0.311	0.388
40	15	69773781	rs8033465	intron_variant	RP11-279F6.1	0.0276603321224935	0.00460890176089472	0.0526551579475607	0.01574387	0.009	0.026	8505.49699345351	2519.223133803	10891.7068688273	6962.56175	2474.99999999999	10000	0	1	1	1	0.048046256186666	0.017	8372.48373502426	7525.00000000001	JOB_50	0.887	0.847	0.047	0.064	0.677	0.521	0.294	0.394
21	15	91108674	rs8031453	intron_variant	CRTC3	0.0306783370054107	0.0117644542174505	0.0622748860868685	0.03226682	0.006	0.076	880.689639060748	-778.697961576995	7968.1374352305	2360.22975	1337.50000000001	7287.49999999999	0	1	1	1	0.050510431869418	0.07	8746.8353968075	5949.99999999999	JOB_51	0.883	0.832	0.057	0.079	0.623	0.515	0.311	0.435
9	2	6643733	rs10188894	intron_variant	AC021021.2	0.0245141213348934	0.0128992628532679	0.0520598844606267	0.01737758	0.009	0.031	2590.45413265625	39.5002264795039	7935.83034074526	2656.650875	1512.5	4224.99999999999	0	1	1	1	0.0391606216073588	0.022	7896.33011426575	2712.49999999999	JOB_52	0.934	0.832	0.042	0.067	0.681	0.554	0.292	0.398
77	16	11297562	rs17605165	intron_variant	RP11-396B14.2	0.0135227946826491	0.00450167303284171	0.0361767848334932	0.00971407	0.003	0.019	8339.06855559	2395.84709279499	11242.3821132937	6875.4345	1775.00000000001	10000	0	1	1	1	0.0316751118006515	0.016	8846.53502049875	8224.99999999999	JOB_53	0.912	0.853	0.041	0.062	0.708	0.582	0.291	0.376
62	2	8530522	rs13009356	intergenic_region	LINC00299-AC011747.3	0.0137187559120026	0.00548722196272234	0.0304862555851292	0.01640093	0.006	0.029	3099.61005138075	325.894121643756	8589.09226716401	2563.794125	1337.50000000001	5537.49999999999	0	1	1	1	0.0249990336224069	0.023	8263.19814552025	4199.99999999999	JOB_54	0.856	0.847	0.046	0.065	0.744	0.533	0.295	0.397
89	16	29036915	rs4077347	intergenic_region	LAT-CTB-134H23.2	0.0112388899910738	0.00218517060863623	0.028037160317988	0.01163724	0.001	0.034	3315.28759459175	1059.3167581555	10457.648946591	3814.982875	1337.50000000001	9737.5	0	1	1	1	0.0258519897093518	0.033	9398.33218843549	8399.99999999999	JOB_55	0.858	0.831	0.046	0.068	0.711	0.524	0.285	0.416
45	16	79566150	snp_16_79566150;rs1364095	intergenic_region	RP11-467I17.1-MAF	0.0155069370189781	0.00640691192991183	0.0284651773860741	0.01619164	0.003	0.036	2455.84819823326	-552.580223364004	8846.878178596	1644.354625	1337.50000000001	2737.5	0	1	1	1	0.0220582654561623	0.033	9399.45840196	1399.99999999999	JOB_56	0.872	0.854	0.046	0.063	0.747	0.58	0.287	0.367
6	16	81921203	rs62043998	upstream_gene_variant	PLCG2	0.0314335814332598	0.0159550576318998	0.0563068915880924	0.03231751	0.01	0.066	1917.8047124265	-631.2769058855	8066.80397445125	1902.32475	1337.50000000001	5012.5	0	1	1	1	0.0403518339561926	0.056	8698.08088033675	3675	JOB_57	0.894	0.845	0.045	0.069	0.691	0.519	0.285	0.409
19	17	9588455	rs8079769	intron_variant	USP43	0.0269574467431597	0.0132656983546958	0.0482305663222112	0.03224908	0.012	0.06	4206.72075269225	469.015964820755	9112.28952382875	2106.576	1337.50000000001	5012.5	0	1	1	1	0.0349648679675154	0.048	8643.27355900799	3675	JOB_58	0.86	0.822	0.055	0.07	0.736	0.552	0.29	0.393
30	17	13672024	rs62054458	intron_variant	COX10-AS1	0.0175452141871507	0.00779173105121567	0.0321926256641463	0.01900189	0.008	0.033	1496.32248021175	-957.917342139751	7735.96383399125	1995.9865	1337.50000000001	3962.50000000001	0	1	1	1	0.0244008946129306	0.025	8693.881176131	2625	JOB_59	0.872	0.844	0.05	0.069	0.654	0.53	0.305	0.4
86	17	25642522	rs1047616	downstream_gene_variant	WSB1	0.0123481209606944	0.00343861120990476	0.0282570008875871	0.00477434	0	0.015	2721.18630859325	-107.928988962001	8809.93559965775	4653.295	1337.50000000001	9737.5	0	1	1	0	0.0248183896776823	0.015	8917.86458861975	8399.99999999999	JOB_60	0.911	0.861	0.047	0.064	0.706	0.564	0.305	0.414
4	17	44206665	snp_17_44206665;rs4792831	downstream_gene_variant	RNU7-101P	0.0361044578966433	0.0249438162607765	0.0696954585631172	0.03331756	0.021	0.05	5773.5732197105	2166.5307464185	9976.8535297595	4482.238625	2474.99999999999	8775.00000000001	0	1	1	0	0.0447516423023407	0.029	7810.32278334099	6300.00000000001	JOB_61	0.895	0.833	0.04	0.075	0.674	0.542	0.307	0.394
41	18	5973037	rs1076005	intron_variant	L3MBTL4	0.0171703067084031	0.00797278001430174	0.0405146890462594	0.01547771	0.005	0.03	2665.30352129375	-280.944029217252	8682.4435521315	2938.953875	1337.50000000001	8250	0	1	1	1	0.0325419090319577	0.025	8963.38758134876	6912.49999999999	JOB_62	0.934	0.847	0.053	0.068	0.604	0.497	0.331	0.422
60	19	13951830	rs1531212	upstream_gene_variant	MIR24-2	0.0202504140976953	0.00787487760905988	0.0358282261330756	0.02584291	0.008	0.048	1858.713618569	-562.284149644498	8304.0433763975	1785.430875	1337.50000000001	3787.49999999999	0	1	1	1	0.0279533485240157	0.04	8866.327526042	2449.99999999999	JOB_63	0.883	0.842	0.041	0.069	0.705	0.548	0.303	0.378
36	19	23568661	rs8103030	downstream_gene_variant	CTB-175P5.1	0.0254368837275735	0.00968821130236183	0.0525039929484008	0.02887966	0.006	0.06	1874.02366419749	-61.0384741480061	8072.701214145	1918.016125	1337.50000000001	4487.5	0	1	1	1	0.042815781646039	0.054	8133.73968829301	3149.99999999999	JOB_64	0.833	0.807	0.056	0.084	0.595	0.501	0.323	0.431
47	19	54837633	rs34969536	downstream_gene_variant	AC008984.6	0.0173081433119872	0.00754639124756221	0.0362377736219604	0.01996624	0.006	0.04	2920.6727904525	-46.8279875674966	8924.10524806625	2412.777875	1337.50000000001	6500	0	1	1	1	0.0286913823743982	0.034	8970.93323563375	5162.49999999999	JOB_65	0.891	0.817	0.046	0.071	0.657	0.568	0.324	0.387
16	20	55294098	rs2426652	downstream_gene_variant	AL133232.1	0.0198137833104913	0.00880686044102205	0.0380562223761129	0.01300921	0.004	0.028	1479.9095633405	-1292.272814933	7273.18787552124	3875.506625	1337.50000000001	9212.50000000001	0	1	1	1	0.0292493619350908	0.024	8565.46069045425	7875	JOB_66	0.909	0.855	0.042	0.069	0.702	0.519	0.287	0.404
34	2	49643063	rs11125238	intergenic_region	RNU6-439P-RPL7P13	0.0213518746342266	0.00983552877955171	0.0407612039878337	0.02152231	0.009	0.04	1509.90298208525	-223.356201123252	8014.56803804299	2507.003125	1337.50000000001	5537.49999999999	0	1	1	1	0.030925675208282	0.031	8237.92423916625	4199.99999999999	JOB_67	0.9	0.858	0.048	0.077	0.751	0.571	0.289	0.383
48	2	85339839	rs11884056	intergenic_region	LSM3P3-TCF7L1	0.0276811237753641	0.00669955565279287	0.0468833554776614	0.00688251	0	0.028	7942.77143155399	2714.21143526425	11964.456859798	4687.842625	1337.50000000001	9737.5	0	1	1	1	0.0401837998248685	0.028	9250.24542453376	8399.99999999999	JOB_68	0.876	0.851	0.049	0.07	0.66	0.514	0.299	0.418
71	2	86879419	rs34404720	intron_variant	CHMP3	0.0156021042609399	0.00646303444062673	0.0370421036691573	0.01948869	0.005	0.04	3174.556387435	725.918911099754	9766.60300361326	2546.983625	1337.50000000001	5712.50000000001	0	1	1	1	0.0305790692285306	0.035	9040.6840925135	4375	JOB_69	0.885	0.827	0.049	0.073	0.687	0.565	0.275	0.397
28	2	102887128	rs11674302	intergenic_region	AC007248.6-IL1RL1	0.0239633750772314	0.00899480236678999	0.0441085773643525	0.01543126	0.005	0.037	2482.88271593501	-7.32244812199667	8859.08906976725	4745.566375	1337.50000000001	10000	0	1	1	0	0.0351137749975625	0.032	8866.41151788925	8662.49999999999	JOB_70	0.893	0.824	0.042	0.071	0.705	0.555	0.295	0.391
33	2	104602547	rs10496379	intron_variant	RP11-76I14.1	0.0246969471696821	0.0114552845338377	0.0435030365324263	0.02430625	0.007	0.049	2207.19138200874	-369.79540472575	8956.10642415375	1646.1195	1337.50000000001	2737.5	0	1	1	1	0.0320477519985886	0.042	9325.9018288795	1399.99999999999	JOB_71	0.916	0.846	0.04	0.075	0.695	0.557	0.278	0.385
58	10	118977123	rs2619105	intergenic_region	KCNK18-RP11-501J20.5	0.0173525034821562	0.00621684233199011	0.0466020790211959	0.00663955	0	0.026	1566.9683262805	-1220.2067366765	7243.6865735	1844.297375	1337.50000000001	5712.50000000001	0	1	1	1	0.0403852366892058	0.026	8463.8933101765	4375	JOB_72	0.921	0.825	0.044	0.071	0.777	0.54	0.258	0.393
57	4	42041692	rs36083353	intron_variant	SLC30A9	0.0149935824765003	0.00452929185020524	0.0386328262688692	0.02363454	0.007	0.055	5228.684508973	1763.505879946	10261.0478576068	3706.181	1337.50000000001	9037.49999999999	0	1	1	0	0.034103534418664	0.048	8497.54197766076	7699.99999999999	JOB_73	0.827	0.771	0.065	0.087	0.585	0.447	0.334	0.435
14	9	2968107	rs3858036	intron_variant	CARM1P1	0.0218577157292155	0.0100822683679035	0.0384739502067195	0.02179692	0.008	0.04	3624.38988350576	851.992460077994	9028.77841048425	2105.019375	1337.50000000001	5012.5	0	1	1	1	0.028391681838816	0.032	8176.78595040626	3675	JOB_74	0.863	0.802	0.048	0.071	0.728	0.505	0.281	0.413
38	6	117868051	rs389663	downstream_gene_variant	DCBLD1	0.0162962720920812	0.0082160249489966	0.0355899485479334	0.01875651	0.005	0.04	4835.166579972	861.459925549994	9992.16262383325	2459.205375	1337.50000000001	9212.50000000001	0	1	1	0	0.0273739235989368	0.035	9130.70269828326	7875	JOB_75	0.88	0.83	0.048	0.065	0.702	0.568	0.276	0.382
51	9	99088478	rs4405041	upstream_gene_variant	SLC35D2	0.0198523908828029	0.00492572034123494	0.0520046847539625	0.00492417	0.001	0.012	4540.7039964315	2419.02117977	11654.5054805433	5888.1265	1512.5	10000	0	0	1	1	0.0470789644127276	0.011	9235.48430077325	8487.5	JOB_76	0.876	0.804	0.047	0.076	0.607	0.482	0.333	0.449
42	4	189987905	rs4863449	intergenic_region	RP11-818C3.1-RP11-706F1.1	0.0169153126592334	0.00741890510353685	0.0340511005819898	0.02292705	0.005	0.041	1403.41509342974	-1314.64354187599	7241.6522893035	1611.274375	1337.50000000001	2737.5	0	1	1	1	0.0266321954784529	0.036	8556.2958311795	1399.99999999999	JOB_77	0.912	0.81	0.051	0.074	0.707	0.574	0.296	0.373
66	10	48402818	rs4922511	intergenic_region	RBP3-GDF2	0.0188976138791794	0.00756554824422058	0.0354184628724901	0.01709583	0.002	0.046	1423.78177213325	-861.965136921754	8261.5054633135	2607.9475	1337.50000000001	8775.00000000001	0	1	1	1	0.0278529146282695	0.044	9123.47060023525	7437.5	JOB_78	0.904	0.844	0.044	0.062	0.709	0.583	0.267	0.379
81	9	22796540	rs586554	intron_variant	RP11-399D6.2	0.00865767747559473	0.00328000404943917	0.0260931286121865	0.01121399	0.005	0.021	3738.67557560175	1059.44815393924	9429.76616681651	4126.95625	2037.49999999999	8250	0	1	1	1	0.0228131245627473	0.016	8370.31801287726	6212.50000000001	JOB_79	0.906	0.858	0.041	0.064	0.627	0.513	0.322	0.415
20	6	10231925	rs6900553	intergenic_region	RNU6ATAC21P-RP1-290I10.2	0.0293478782523517	0.0108935510800662	0.0564889857196234	0.02686746	0.003	0.075	3375.92643456151	-245.954145314499	7889.46522293	2961.026625	1337.50000000001	8775.00000000001	0	1	1	1	0.0455954346395572	0.072	8135.4193682445	7437.5	JOB_80	0.858	0.829	0.051	0.075	0.692	0.528	0.298	0.39
79	11	2117403	rs11042594	intergenic_region	H19-IGF2	0.0139287872553828	0.00624775836852901	0.0343751464450481	0.00872069	0.003	0.019	8666.50195202951	3473.0732946595	11854.591416917	6729.858125	1337.50000000001	10000	0	1	1	1	0.0281273880765191	0.016	8381.5181222575	8662.49999999999	JOB_81	0.879	0.849	0.04	0.067	0.723	0.577	0.294	0.381
64	12	128441207	rs11059425	intergenic_region	LINC00507-RP11-349K16.1	0.0168691209034797	0.0056232483750297	0.048169810296595	0.01054196	0	0.036	631.666062136745	-2280.467078488	6548.28293268174	2870.913875	1337.50000000001	9474.99999999999	0	1	1	1	0.0425465619215653	0.036	8828.75001116974	8137.49999999999	JOB_82	0.851	0.827	0.051	0.063	0.7	0.571	0.298	0.382
5	4	38765720	rs10008492	intergenic_region	RNA5SP158-TLR10	0.029470753446016	0.0220922182810718	0.0437484212613955	0.02703773	0.021	0.034	6363.0731636795	4540.28391654725	9901.73838212725	8841.58575	7025.00000000001	10000	0	1	1	1	0.0216562029803237	0.013	5361.45446558	2974.99999999999	JOB_83	0.881	0.88	0.057	0.073	0.754	0.547	0.28	0.402
52	14	77825746	rs8022676	upstream_gene_variant	RP11-493G17.4	0.0162578145511576	0.00565291575699384	0.0293046942544709	0.01529471	0.002	0.034	2046.884663367	-1137.3612187315	7890.32855309325	2055.67025	1337.50000000001	7462.50000000001	0	1	1	1	0.0236517784974771	0.032	9027.68977182475	6125	JOB_84	0.883	0.822	0.049	0.07	0.68	0.546	0.296	0.38
74	16	83270541	rs11150556	intron_variant	CDH13	0.0104705370594614	0.00430125911026671	0.0259565929078621	0.00993153	0	0.04	1703.5484494765	-348.350780747751	9034.44936236575	4552.653375	1337.50000000001	9737.5	0	1	1	0	0.0216553337975954	0.04	9382.8001431135	8399.99999999999	JOB_85	0.865	0.825	0.053	0.063	0.715	0.5	0.31	0.421
35	10	99517616	rs11189359	intron_variant	ZFYVE27	0.022260061557531	0.0104416602882961	0.052049218835902	0.00904759	0	0.032	1383.10398079651	-1557.02805316425	7164.6399931625	2822.04075	1337.50000000001	8775.00000000001	0	1	1	1	0.0416075585476059	0.032	8721.66804632674	7437.5	JOB_86	0.913	0.837	0.041	0.064	0.687	0.563	0.295	0.388
70	7	114229139	rs1229758	intron_variant	FOXP2	0.015634741849849	0.00714376616988069	0.059107015194204	0.01403578	0.009	0.021	5699.946319503	2675.18658456351	10734.2102472593	6780.303625	3525.00000000001	10000	0	1	1	1	0.0519632490243233	0.012	8059.02366269575	6474.99999999999	JOB_87	0.885	0.835	0.066	0.11	0.624	0.418	0.345	0.486
83	7	155417249	rs12666876	intron_variant	AC009403.2	0.0146396124733539	0.00590351301304098	0.0346739579113019	0.01113539	0.003	0.025	2665.6949185675	-182.658647845003	8598.071231311	3963.258625	1337.50000000001	9212.50000000001	0	1	1	1	0.0287704448982609	0.022	8780.729879156	7875	JOB_88	0.872	0.828	0.045	0.068	0.682	0.518	0.292	0.405
49	16	87224293	rs12711473	intron_variant	C16orf95	0.0165471633028443	0.00666984605574909	0.03684828173525	0.01495704	0.003	0.033	4662.835269754	1535.88488312499	10469.236717826	2643.072625	1337.50000000001	8250	0	1	1	0	0.0301784356795009	0.03	8933.35183470101	6912.49999999999	JOB_89	0.854	0.829	0.052	0.077	0.649	0.533	0.326	0.401
