CHR	SNP ID	POS (hg19)	Ancestral Allele	Derived Allele	Consequence protein	Gene name	8.5-5 kya (Freq)	5-2.5 kya (Freq)	2.5-1.25 kya (Freq)	1.25-0.75 kya (Freq)	Present (Freq)	8.5-5 kya (# covered samples)	5-2.5 kya (# covered samples)	2.5-1.25 kya (# covered samples)	1.25-0.75 kya (# covered samples)	Present (# covered samples)	s_DA	s_l (95% CI lower bound)	s_u  (95% CI upper bound)	T_DA	T_l (95% CI lower bound)	T_u  (95% CI upper bound)	psel	pbeta
2	rs4988235	136608646	G	A	intron_variant	LCT-MCM6	0.00377	0.02717	0.3235	0.5511	0.5080	530	552	238	225	500	0.08162	0.06573	0.0956	6102	3197	8547	0.000000	1.58e-19
5	rs185146	33952106	C	T	intron_variant	SLC45A2	0.51152	0.59559	0.8692	0.9758	0.9563	521	544	214	207	500	0.05859	0.03980	0.0862	4226	2997	7615	0.000000	8.71e-16
6	rs3130673	30746519	G	T	upstream_gene_variant	HCG20	0.00000	0.00191	0.0663	0.0553	0.0915	505	524	166	217	500	0.07658	0.04903	0.0975	8401	4339	9934	0.000000	1.13e-14
17	snp_17_44206665;rs4792831	44206665	G	A	downstream_gene_variant	RNU7-101P	0.01750	0.02663	0.0966	0.0950	0.1928	400	413	145	242	500	0.03754	0.02441	0.0729	5059	2059	10048	0.000011	1.16e-07
4	rs10008492	38765720	T	C	intergenic_region	RNA5SP158-TLR10	0.11607	0.25101	0.5850	0.6933	0.5656	448	494	200	238	500	0.03164	0.02288	0.0478	6433	4629	9776	0.000012	3.14e-07
16	rs62043998	81921203	C	T	upstream_gene_variant	PLCG2	0.10593	0.08901	0.0886	0.1111	0.2038	354	382	158	198	500	0.03567	0.01795	0.0576	2128	-737	7872	0.000016	7.64e-06
8	rs10095927	10729177	G	T	intergenic_region	RP11-177H2.2-XKR6	0.21217	0.32907	0.3497	0.3972	0.4612	337	313	163	214	500	0.03896	0.01347	0.0614	8085	3676	12548	0.000000	8.67e-06
5	rs10515671	151845342	A	G	intergenic_region	NMUR2-CTC-550M4.1	0.04673	0.06931	0.0645	0.1453	0.2048	214	202	124	179	500	0.03510	0.01770	0.0624	2969	633	9248	0.000016	8.95e-06
2	rs10188894	6643733	A	G	intron_variant	AC021021.2	0.32353	0.30882	0.3568	0.4286	0.5229	425	408	185	203	500	0.02461	0.01292	0.0495	2778	113	8400	0.000000	1.40e-05
3	rs9840198	184770686	C	T	downstream_gene_variant	VPS8	0.33119	0.37900	0.2667	0.3756	0.4404	388	438	165	197	500	0.02311	0.01194	0.0486	3008	111	9599	0.000000	3.24e-05
5	rs4705844	131365784	A	C	intergenic_region	AC034228.2-IL3	0.22343	0.36215	0.4000	0.4627	0.5388	367	428	200	201	500	0.02845	0.01163	0.0626	6957	3468	11715	0.000000	4.26e-05
12	rs7958347	113325061	C	T	downstream_gene_variant	RPH3A	0.25549	0.23810	0.2203	0.3720	0.4165	182	147	118	164	500	0.02457	0.01150	0.0431	1904	-336	7822	0.000000	4.76e-05
10	rs4745827	65659657	A	G	downstream_gene_variant	RP11-170M17.2	0.26593	0.40919	0.3093	0.3333	0.4185	408	457	194	213	500	0.02798	0.01108	0.0528	5787	3464	12742	0.000000	6.80e-05
9	rs3858036	2968107	G	A	intron_variant	CARM1P1	0.44213	0.47170	0.5208	0.5759	0.6630	432	477	192	224	500	0.02052	0.01082	0.0396	3651	598	8938	0.000000	8.57e-05
11	rs10765770	88513636	G	A	intron_variant	GRM5	0.32831	0.41739	0.5699	0.6176	0.6909	431	460	186	204	500	0.01926	0.01040	0.0401	6058	3154	10248	0.000002	1.23e-04
20	rs2426652	55294098	A	G	downstream_gene_variant	AL133232.1	0.61257	0.58199	0.5172	0.6947	0.7018	382	433	174	226	500	0.02082	0.01029	0.0402	1272	-1089	7254	0.000003	1.35e-04
3	rs4374563	31776980	G	A	intron_variant	OSBPL10	0.28537	0.27033	0.2680	0.3351	0.4195	410	455	194	188	500	0.02145	0.01024	0.0368	1833	-877	7890	0.000003	1.41e-04
12	rs1055472	125510104	A	G	3_prime_UTR_variant	BRI3BP	0.50657	0.52448	0.5450	0.5740	0.6710	533	572	200	223	500	0.02046	0.00985	0.0374	3232	-215	8145	0.000007	1.97e-04
17	rs8079769	9588455	G	A	intron_variant	USP43	0.08263	0.11350	0.1243	0.1378	0.2306	472	511	177	225	500	0.02695	0.01262	0.0474	3356	593	9172	0.000020	2.38e-04
6	rs6900553	10231925	C	T	intergenic_region	RNU6ATAC21P-RP1-290I10.2	0.70370	0.74032	0.7342	0.7943	0.8509	405	439	158	209	500	0.02851	0.01190	0.0566	3628	98	7955	0.000000	4.68e-04
15	rs8031453	91108674	A	C	intron_variant	CRTC3	0.06771	0.02890	0.0217	0.0674	0.0964	192	173	138	178	500	0.02845	0.01153	0.0598	1100	-578	8178	0.000021	4.83e-04
10	rs721992	61539402	G	T	intergenic_region	LINC00948-CCDC6	0.33629	0.37750	0.3355	0.4101	0.4821	394	400	155	178	500	0.02224	0.00873	0.0451	3239	34	9172	0.000017	5.17e-04
1	rs12033048	246429681	T	C	intron_variant	SMYD3	0.04472	0.02991	0.0677	0.0688	0.1382	246	234	133	160	500	0.03153	0.01131	0.0695	3266	680	9423	0.000021	5.55e-04
3	rs17080528	49389842	C	T	downstream_gene_variant	GPX1	0.21444	0.23409	0.2123	0.2474	0.3360	450	440	179	190	500	0.01875	0.00864	0.0347	2159	-490	8307	0.000019	5.57e-04
7	rs13307276	150061525	T	C	upstream_gene_variant	REPIN1	0.20067	0.19574	0.1667	0.1848	0.2803	446	470	168	211	500	0.01821	0.00856	0.0331	1785	-649	8268	0.000020	5.97e-04
3	rs2291897	33419422	C	T	upstream_gene_variant	FBXL2	0.10864	0.11869	0.0952	0.1467	0.2107	359	396	168	184	500	0.02367	0.01097	0.0452	1776	-788	7939	0.000022	6.92e-04
12	rs11057805	125246993	G	A	intergenic_region	NCOR2-SCARB1	0.00418	0.04183	0.0201	0.0726	0.0875	478	502	199	234	500	0.03037	0.01058	0.0629	6433	954	9810	0.000026	8.92e-04
2	rs11674302	102887128	T	C	intergenic_region	AC007248.6-IL1RL1	0.07143	0.07916	0.0718	0.1000	0.1541	406	379	181	170	500	0.02346	0.01050	0.0455	2183	-322	8282	0.000028	9.35e-04
11	rs10501651	87527561	G	A	upstream_gene_variant	RP11-665E10.5	0.07292	0.01667	0.0432	0.0191	0.0845	144	120	139	157	500	0.03190	0.01046	0.0656	1783	-215	8596	0.000029	9.65e-04
17	rs62054458	13672024	C	T	intron_variant	COX10-AS1	0.31771	0.31250	0.2835	0.3575	0.4304	480	496	194	221	500	0.01831	0.00799	0.0327	1736	-978	7792	0.000027	9.81e-04
11	rs174537	61552680	T	G	downstream_gene_variant	TMEM258	0.29052	0.39269	0.6108	0.6019	0.6511	401	438	167	206	500	0.01313	0.00796	0.0255	6685	4263	10577	0.000027	1.00e-03
11	rs713217	69579070	T	C	intergenic_region	RP11-300I6.5-AP001888.1	0.10929	0.09983	0.1009	0.1687	0.2078	549	581	218	243	500	0.02057	0.01038	0.0417	1725	-668	7760	0.000030	1.01e-03
2	rs10496379	104602547	A	T	intron_variant	RP11-76I14.1	0.10505	0.08259	0.0881	0.0656	0.1551	495	557	193	183	500	0.02453	0.01037	0.0444	2397	-178	8989	0.000030	1.02e-03
2	rs11125238	49643063	G	A	intergenic_region	RNU6-439P-RPL7P13	0.17881	0.14511	0.1566	0.2121	0.2803	302	317	166	198	500	0.02315	0.01036	0.0411	1846	-687	7811	0.000031	1.03e-03
10	rs11189359	99517616	C	A	intron_variant	ZFYVE27	0.82100	0.74510	0.6580	0.7215	0.7952	419	459	193	219	500	0.02385	0.01043	0.0550	1424	-1816	6910	0.000000	1.21e-03
19	rs8103030	23568661	G	A	downstream_gene_variant	CTB-175P5.1	0.07471	0.08621	0.0495	0.1667	0.1849	87	58	101	138	500	0.02455	0.00994	0.0526	1895	-397	8052	0.000054	1.35e-03
9	rs8176635	136152009	G	A	upstream_gene_variant	ABO	0.12606	0.13973	0.2803	0.3495	0.3519	353	365	157	186	500	0.01530	0.00993	0.0401	4728	1449	9385	0.000054	1.35e-03
6	rs389663	117868051	T	C	downstream_gene_variant	DCBLD1	0.53358	0.64924	0.5775	0.6268	0.7157	536	593	213	209	500	0.01694	0.00748	0.0373	4895	1113	9532	0.000040	1.52e-03
1	rs6698312	164206815	G	T	intergenic_region	U3-NMNAT1P2	0.23624	0.21489	0.2234	0.2462	0.3330	436	470	188	199	500	0.01754	0.00736	0.0326	1830	-617	8332	0.000045	1.69e-03
15	rs8033465	69773781	G	T	intron_variant	RP11-279F6.1	0.00803	0.04703	0.0856	0.0609	0.0885	498	489	187	230	500	0.03626	0.00955	0.0589	8736	2812	10620	0.000069	1.73e-03
18	rs1076005	5973037	C	T	intron_variant	L3MBTL4	0.38066	0.40183	0.4014	0.5410	0.5736	243	219	142	183	500	0.01920	0.00723	0.0420	2894	218	9252	0.000051	1.88e-03
4	rs4863449	189987905	C	T	intergenic_region	RP11-818C3.1-RP11-706F1.1	0.63281	0.58720	0.5257	0.6205	0.6759	448	453	175	195	500	0.01717	0.00723	0.0364	1309	-1340	7015	0.000051	1.89e-03
6	rs75770273	53877078	C	T	downstream_gene_variant	ERHP2	0.10256	0.16374	0.0979	0.1633	0.2247	195	171	143	196	500	0.02144	0.00937	0.0427	1719	-623	8662	0.000081	1.95e-03
1	rs72700902	150633347	C	T	intron_variant	GOLPH3L	0.30072	0.27885	0.2441	0.3500	0.4105	138	104	127	160	500	0.01627	0.00707	0.0345	1620	-951	7812	0.000058	2.16e-03
16	snp_16_79566150;rs1364095	79566150	G	C	intergenic_region	RP11-467I17.1-MAF	0.47857	0.50652	0.4511	0.4896	0.5885	490	537	184	192	500	0.01406	0.00705	0.0310	2584	-316	8733	0.000060	2.21e-03
9	rs3003615	130997892	G	A	intron_variant	DNM1	0.48446	0.38567	0.4520	0.4624	0.5527	354	363	177	186	500	0.01575	0.00696	0.0337	2012	-12	8938	0.000065	2.38e-03
19	rs34969536	54837633	A	C	downstream_gene_variant	AC008984.6	0.13927	0.16740	0.1522	0.2772	0.3042	219	227	138	184	500	0.01860	0.00891	0.0385	2718	-206	8519	0.000104	2.61e-03
2	rs11884056	85339839	C	T	intergenic_region	LSM3P3-TCF7L1	0.03097	0.08980	0.0929	0.0493	0.0954	226	245	140	203	500	0.03098	0.00884	0.0542	8154	2894	12041	0.000105	2.74e-03
16	rs12711473	87224293	G	A	intron_variant	C16orf95	0.24219	0.32249	0.3072	0.3288	0.4085	320	338	166	219	500	0.01888	0.00672	0.0394	4808	1638	10792	0.000079	2.92e-03
9	rs10809509	1162013	A	C	downstream_gene_variant	RPS27AP14	0.28338	0.28698	0.2614	0.2826	0.3748	397	453	176	184	500	0.01476	0.00665	0.0294	2264	-443	8636	0.000084	3.10e-03
9	rs4405041	99088478	G	T	upstream_gene_variant	SLC35D2	0.28716	0.35862	0.3701	0.4130	0.4523	148	145	154	184	500	0.02088	0.00655	0.0533	4696	2380	11739	0.000090	3.38e-03
14	rs8022676	77825746	C	A	upstream_gene_variant	RP11-493G17.4	0.23656	0.22886	0.1582	0.3211	0.3191	372	402	177	190	500	0.01554	0.00650	0.0301	1386	-1673	7655	0.000091	3.52e-03
14	rs7422	89884022	A	C	upstream_gene_variant	FOXN3	0.38026	0.45238	0.4076	0.4537	0.5318	380	378	184	205	500	0.01843	0.00644	0.0373	3766	762	9894	0.000093	3.71e-03
5	rs3957465	5817703	G	A	intergenic_region	KIAA0947-CTC-471C19.1	0.24105	0.17128	0.2343	0.2500	0.3231	363	397	175	212	500	0.01524	0.00622	0.0319	2465	-184	8534	0.000099	4.49e-03
5	rs2974658	2960267	G	T	upstream_gene_variant	RP11-35O7.1	0.26545	0.20325	0.3354	0.4194	0.4195	356	369	161	217	500	0.01429	0.00584	0.0318	2617	351	8006	0.000175	6.25e-03
9	rs458552	4833437	C	T	upstream_gene_variant	RCL1	0.54502	0.45788	0.4975	0.5650	0.6064	422	463	197	200	500	0.01487	0.00551	0.0305	2012	-315	8270	0.000206	8.29e-03
4	rs36083353	42041692	A	T	intron_variant	SLC30A9	0.48031	0.60448	0.6173	0.7237	0.7515	127	134	81	152	500	0.01360	0.00548	0.0389	4968	1802	10267	0.000209	8.50e-03
10	rs2619105	118977123	C	A	intergenic_region	KCNK18-RP11-501J20.5	0.76703	0.69625	0.6584	0.6606	0.7604	543	586	202	218	500	0.01846	0.00735	0.0481	1681	-1301	7184	0.000000	8.82e-03
12	rs10841952	22289304	A	G	intron_variant	ST8SIA1	0.35437	0.29252	0.3090	0.3282	0.4046	412	441	178	195	500	0.01443	0.00541	0.0285	1980	-136	8673	0.000216	8.98e-03
19	rs1531212	13951830	G	A	upstream_gene_variant	MIR24-2	0.12062	0.15672	0.1268	0.1921	0.2386	514	536	205	229	500	0.01705	0.00687	0.0344	2158	-304	8597	0.000303	9.81e-03
4	rs4280687	156105105	C	T	intergenic_region	RBM46-RP11-92A5.2	0.19512	0.23864	0.2866	0.3093	0.3797	328	352	164	194	500	0.01323	0.00528	0.0341	4399	1304	9951	0.000238	1.01e-02
2	rs13009356	8530522	G	A	intergenic_region	LINC00299-AC011747.3	0.25391	0.25564	0.3136	0.3581	0.4095	384	399	169	215	500	0.01371	0.00526	0.0326	3546	399	8991	0.000240	1.03e-02
5	rs9314061	164760466	C	T	intergenic_region	CTB-181F24.1-CTC-535M15.2	0.23025	0.19519	0.1839	0.2523	0.2942	367	374	174	222	500	0.01256	0.00522	0.0278	1747	-611	8040	0.000244	1.06e-02
12	rs11059425	128441207	T	G	intergenic_region	LINC00507-RP11-349K16.1	0.82552	0.74321	0.6118	0.6872	0.7624	384	405	152	179	500	0.02090	0.00706	0.0515	1259	-1678	7009	0.000009	1.07e-02
9	rs3780710	132942794	G	A	intron_variant	NCS1	0.04232	0.07385	0.1073	0.1336	0.1680	449	501	177	232	500	0.01554	0.00670	0.0378	4034	1717	10165	0.000352	1.09e-02
10	rs4922511	48402818	C	T	intergenic_region	RBP3-GDF2	0.12165	0.10251	0.0695	0.1000	0.1521	411	439	187	190	500	0.01677	0.00662	0.0327	1435	-906	8411	0.000370	1.16e-02
7	rs35345724	136627956	A	G	upstream_gene_variant	KRT8P51	0.12698	0.10651	0.0469	0.0347	0.1193	189	169	128	173	500	0.01592	0.00648	0.0373	1256	-280	8569	0.000405	1.27e-02
8	rs2631934	21052978	A	G	intergenic_region	AC021613.1-RP11-24P4.1	0.70652	0.69403	0.6823	0.7464	0.7932	506	536	192	209	500	0.02023	0.00665	0.0478	2320	-513	7497	0.000164	1.39e-02
3	rs10513801	185822353	T	G	downstream_gene_variant	ETV5	0.02439	0.07285	0.0775	0.0780	0.1382	164	151	142	205	500	0.02025	0.00623	0.0554	3459	1125	10244	0.000511	1.48e-02
7	rs1229758	114229139	G	A	intron_variant	FOXP2	0.20000	0.39796	0.3841	0.4762	0.5318	105	98	138	189	500	0.01655	0.00480	0.0525	4359	2113	10533	0.000394	1.52e-02
2	rs34404720	86879419	A	G	intron_variant	CHMP3	0.05620	0.10174	0.0824	0.1602	0.1779	347	344	182	231	500	0.01692	0.00603	0.0378	2859	450	9274	0.000601	1.69e-02
1	rs6694101	2020489	C	T	intron_variant	PRKCZ	0.26524	0.21084	0.2321	0.2451	0.3201	328	332	168	204	500	0.01418	0.00466	0.0285	2232	-755	8255	0.000485	1.72e-02
5	rs55846849	460710	G	A	upstream_gene_variant	EXOC3	0.14958	0.13178	0.1629	0.1224	0.2217	478	516	178	196	500	0.01664	0.00599	0.0343	2797	409	9353	0.000618	1.73e-02
16	rs11150556	83270541	T	C	intron_variant	CDH13	0.50177	0.54982	0.3974	0.4451	0.5417	283	271	156	182	500	0.01365	0.00448	0.0283	1929	-53	9013	0.000517	2.01e-02
13	rs10507766	69940025	A	G	intergenic_region	LINC00401-SRSF1P1	0.33025	0.30968	0.2340	0.3467	0.3807	162	155	141	199	500	0.01265	0.00441	0.0279	1668	-639	8503	0.000563	2.13e-02
7	rs176482	105730038	G	A	downstream_gene_variant	SYPL1	0.21286	0.18432	0.1562	0.2617	0.2704	451	472	192	214	500	0.01400	0.00435	0.0279	1594	-877	7876	0.000612	2.25e-02
16	rs17605165	11297562	C	T	intron_variant	RP11-396B14.2	0.01905	0.11111	0.0900	0.0995	0.1302	525	576	211	221	500	0.01617	0.00558	0.0393	8946	3243	12271	0.000797	2.27e-02
14	rs7141996	93094298	G	A	intron_variant	RIN3	0.10626	0.12281	0.1000	0.1339	0.1799	527	570	200	239	500	0.01538	0.00539	0.0320	2190	-531	8723	0.000849	2.56e-02
11	rs11042594	2117403	G	A	intergenic_region	H19-IGF2	0.12836	0.24237	0.2898	0.2500	0.3270	483	524	176	208	500	0.01414	0.00537	0.0351	7699	4022	12483	0.000853	2.60e-02
7	rs4717903	74068167	C	T	upstream_gene_variant	GTF2I	0.72056	0.69349	0.6864	0.7130	0.7823	501	522	220	230	500	0.01732	0.00553	0.0482	2150	-596	7825	0.000464	2.84e-02
9	rs586554	22796540	C	T	intron_variant	RP11-399D6.2	0.25106	0.21888	0.3118	0.4307	0.3986	235	233	170	202	500	0.01117	0.00407	0.0267	2853	683	8998	0.000883	2.87e-02
3	rs12715075	2620454	T	C	intron_variant	CNTN4	0.78992	0.69679	0.6780	0.7217	0.7773	476	498	205	230	500	0.01762	0.00532	0.0455	1906	-1107	7388	0.000484	3.26e-02
7	rs12666876	155417249	G	A	intron_variant	AC009403.2	0.57862	0.59831	0.6303	0.6400	0.7157	318	356	165	200	500	0.01461	0.00523	0.0346	3579	-178	8853	0.000492	3.45e-02
10	rs1009543	3319474	A	G	intergenic_region	RP11-195B3.1-RP11-482E14.1	0.31519	0.32099	0.2973	0.2982	0.3867	441	486	185	218	500	0.01143	0.00382	0.0256	2374	2	8821	0.001032	3.55e-02
12	rs10841899;ss1388078300	8716873	G	A	intron_variant	RP11-561P12.5	0.26994	0.29336	0.2932	0.2843	0.3688	489	542	191	204	500	0.00994	0.00351	0.0248	3285	451	9390	0.001341	4.65e-02
17	rs1047616	25642522	A	G	downstream_gene_variant	WSB1	0.52833	0.59021	0.5202	0.6223	0.6551	300	327	173	233	500	0.01276	0.00345	0.0277	3383	-15	9082	0.001428	4.86e-02
7	rs62436708	1323037	C	T	intergenic_region	AC073094.4-MICALL2	0.29600	0.27703	0.3072	0.3146	0.3807	250	296	153	213	500	0.00943	0.00317	0.0240	2627	326	9224	0.001715	6.19e-02
12	rs12580172	1623989	G	A	intergenic_region	LINC00942-WNT5B	0.08929	0.12593	0.1030	0.1137	0.1600	280	270	165	211	500	0.00963	0.00265	0.0294	2318	528	9663	0.006145	1.55e-01
16	rs4077347	29036915	G	A	intergenic_region	LAT-CTB-134H23.2	0.40580	0.45690	0.4393	0.4564	0.5179	414	464	173	195	500	0.00998	0.00193	0.0268	3418	977	10274	0.005233	1.82e-01
